0     1 
0   315 
0   317 
0   319 
0   320 
0   321 
0   324 
0   327 
0   329 
0   330 
0   335 
0   340 
0   344 
0   346 
0   347 
0   351 
0   354 
0   355 
0   356 
0   357 
0   360 
0   364 
0   365 
0   371 
0   372 
0   373 
0   376 
0   377 
0   379 
0   380 
0   381 
0   384 
0   385 
0   386 
0   389 
0   390 
0   391 
0   424 
0   460 
0   466 
0   467 
0   492 
0   494 
0   541 
0   550 
0   560 
0   570 
0   589 
0   590 
0   591 
0   602 
0   603 
0   604 
0   606 
0   610 
0   612 
0   613 
0   667 
0   671 
0   739 
0   748 
0   854 
0   978 
0   979 
0   980 
0   981 
0   986 
0  1037 
0  1147 
0  1160 
0  2022 
0  5408 
0  5655 
0  5772 
0 10610 
0 13268 
0 14762 
0 15395 
0 32752 
0 41114 
0 41116 
0 41211 
0 42361 
0 42377 
0 42390 
0 42488 
0 42527 
0 42532 
0 42598 
0 43695 
0 43731 
0 43817 
0 44462 
0 44617 
0 44621 
0 44766 
0 45283 
0 45431 
0 45462 
0 45589 
0 45596 
0 45598 
0 45600 
0 45607 
0 45680 
0 45899 
0 48263 
0 48278 
0 49901 
0 51184 
0 51185 
0 51197 
0 52783 
0 52807 
0 52808 
0 52844 
0 52846 
0 52848 
0 52850 
0 52852 
0 54144 
0 55515 
0 55612 
0 55613 
0 55614 
0 55649 
0 55679 
0 55701 
0 55702 
0 55771 
0 55773 
0 56090 
0 56263 
0 56288 
0 56430 
0 56475 
0 56696 
0 56948 
0 57005 
0 57036 
0 59120 
0 62499 
0 62947 
0 85125 
1   367 
1   388 
1   605 
1   607 
1   622 
1   627 
1   633 
1   634 
1   636 
1   637 
1   638 
1   640 
1   641 
1   642 
1   647 
1   652 
1   656 
1   659 
1   660 
1   662 
1   664 
1   666 
1   672 
1   673 
1   674 
1   675 
1   686 
1   687 
1   689 
1   693 
1   697 
1   699 
1   703 
1   709 
1   711 
1   713 
1   719 
1   720 
1   723 
1   724 
1   728 
1   730 
1   733 
1   734 
1   735 
1   741 
1   747 
1   755 
1   757 
1   758 
1   761 
1   763 
1   776 
1   794 
1   826 
1   831 
1   948 
1   959 
1   982 
1   997 
1  1168 
1  1169 
1  1241 
1  1282 
1  1285 
1  1289 
1  1290 
1  1291 
1  1523 
1  1524 
1  1724 
1  2032 
1  4502 
1  5204 
1  5413 
1  5652 
1  5660 
1  9205 
1  9207 
1  9299 
1 14700 
1 14706 
1 14777 
1 14778 
1 14779 
1 14815 
1 14816 
1 15500 
1 15887 
1 16994 
1 18466 
1 19632 
1 24069 
1 24281 
1 24326 
1 25629 
1 27381 
1 30216 
1 31233 
1 35529 
1 35877 
1 40630 
1 40642 
1 41083 
1 42362 
1 42395 
1 42420 
1 42438 
1 42439 
1 42442 
1 42443 
1 42444 
1 42445 
1 42446 
1 42447 
1 42448 
1 42450 
1 42452 
1 42453 
1 42454 
1 42455 
1 42456 
1 42457 
1 42459 
1 42460 
1 42461 
1 42462 
1 42463 
1 42464 
1 42468 
1 42469 
1 42470 
1 42471 
1 42474 
1 42475 
1 42477 
1 42478 
1 42479 
1 42480 
1 42481 
1 42502 
1 42512 
1 42523 
1 42526 
1 42536 
1 42538 
1 42539 
1 42551 
1 42575 
1 42597 
1 42649 
1 42734 
1 42749 
1 43779 
1 43780 
1 43782 
1 43795 
1 44554 
1 44608 
1 44609 
1 44767 
1 45241 
1 45242 
1 45243 
1 45412 
1 45430 
1 45461 
1 45500 
1 45501 
1 45504 
1 45525 
1 45534 
1 45538 
1 45544 
1 45558 
1 45584 
1 45591 
1 45597 
1 45618 
1 45656 
1 45696 
1 45738 
1 46046 
1 46229 
1 46241 
1 46272 
1 46274 
1 46298 
1 46348 
1 46351 
1 46352 
1 46353 
1 46373 
1 46395 
1 46404 
1 46781 
1 47358 
1 47775 
1 48076 
1 48246 
1 48271 
1 48536 
1 48537 
1 48961 
1 49406 
1 49820 
1 50967 
1 51187 
1 51191 
1 51192 
1 51193 
1 51194 
1 51196 
1 52628 
1 52639 
1 52693 
1 52707 
1 52724 
1 52781 
1 52796 
1 52798 
1 52800 
1 52805 
1 52811 
1 52823 
1 52842 
1 52843 
1 52855 
1 52856 
1 52944 
1 54262 
1 54979 
1 55100 
1 55297 
1 55298 
1 55348 
1 55450 
1 55454 
1 55455 
1 55460 
1 55461 
1 55462 
1 55467 
1 55512 
1 55557 
1 55578 
1 55615 
1 55616 
1 55633 
1 55634 
1 55639 
1 55640 
1 55656 
1 55732 
1 55733 
1 55737 
1 55799 
1 55805 
1 55823 
1 56043 
1 56128 
1 56129 
1 56258 
1 56261 
1 56286 
1 56420 
1 56424 
1 56562 
1 56603 
1 56619 
1 56832 
1 56834 
1 56835 
1 56841 
1 56844 
1 56847 
1 56856 
1 56857 
1 56858 
1 56861 
1 56864 
1 56867 
1 56868 
1 56875 
1 56876 
1 56877 
1 56878 
1 56879 
1 56888 
1 56897 
1 56947 
1 56949 
1 56950 
1 56951 
1 56952 
1 56953 
1 56954 
1 56955 
1 56956 
1 56957 
1 56958 
1 56959 
1 56960 
1 56961 
1 56962 
1 56963 
1 56980 
1 57019 
1 57113 
1 57114 
1 57115 
1 57123 
1 57124 
1 57125 
1 57126 
1 57128 
1 59050 
1 59326 
1 60036 
1 61071 
1 62048 
1 62435 
1 62439 
1 62797 
1 62873 
1 62874 
1 62875 
1 62876 
1 62877 
1 62897 
1 62908 
1 62919 
1 62932 
1 62933 
1 62936 
1 62945 
1 62946 
1 67463 
1 76414 
1 93619 
2   408 
2   421 
2   425 
2   463 
2   520 
2   574 
2   575 
2   576 
2   853 
2 48241 
2 52744 
2 55033 
3   359 
3   431 
4   472 
4 15195 
4 43754 
4 56287 
5   362 
5   475 
5   556 
5   581 
5   668 
5   967 
5  1032 
5 42482 
5 44610 
5 45599 
5 55032 
6   358 
6  5847 
6 45532 
7   955 
7  1231 
7 42574 
8   383 
8   478 
8   756 
8   971 
9   754 
9   769 
9  1061 
9 42525 
D   PID 
